146,150,70,40,128,163,166,111,146,248,128,18,218,177,60,178,79,16,262,288,188,47,62,78,43,225,245,251,140,48,41,138,214,153,251,153,120,155,47,163,132,279,172,254,112,273,91,199,119,65,154,160,17,161,227,25,31,247,19,164,22,135,65,230,230,289,72,130,182,37,59,20,259,16,105,292,199,276,241,74,288,9,53,246,182,11,88,209,150,280,65,119,138,174,142,233,62,18,206,83,300,40,295,298,151,139,176,35,181,274,87,227,204,101,115,227,125,253,282,41,169,246,262,206,155,199,250,188,298,185,260,216,256,33,77,144,85,108,101,151,107,30,37,141,298,195,123,126,171,222,269,252,266,24,155,180,182,183,103,187,27,24,254,234,294,16,110,36,239,292,206,192,32,40,63,214,194,104,17,147,267,95,201,49,267,13,127,190,295,233,218,158,179,124,33,160,184,160,102,76,263,129,282,195,25,149,12,228,292,257,158,243,171,199,174,97,123,27,86,167,274,254,188,144,292,286,189,214,20,233,128,281,184,32,274,194,290,241,286,199,229,48,161,57,228,51,52,228,2,293,137,219,274,9,151,26,101,108,176,272,178,252,186,255,26,25,260,80,91,147,128,205,151,78,234,101,125,290,66,190,128,46,91,290,91,239,32,12,278,167,73,171,280,85,131,129,46,281,87,242,19,263,153,280,188,108,146,151,140,209,242,70,29,204,264,272,27,135,287,294,243,64,249,102,40,271,258,169,10,286,8,74,138,298,227,50,47,128,68,36,70,163,294,53,18,246,185,286,132,163,51,108,21,17,166,197,126,151,225,97,140,197,179,67,26,280,72,16,184,156,173,135,62,225,168,255,106,92,166,211,159,47,142,169,111,224,248,297,103,260,2,142,102,103,154,205,257,24,201,249,51,58,44,124,210,31,278,204,44,142,42,132,95,216,179,106,68,183,17,129,55,275,22,147,34,246,47,253,64,39,154,76,144,272,90,288,203,72,45,280,130,8,189,240,57,126,249,23,150,56,168,209,122,231,254,62,175,208,126,89,246,276,67,12,256,228,186,109,4,60,161,6,260,106,36,255,1,132,246,60,48,214,102,89,207,241,92,33,210,227,25,300,272,8,164,162,210,164,100,45,270,148,151,207,36,140,10,289,250,18,36,224,10,68,237,142,231,92,45,185,181,1,19,199,58,34,149,94,205,131,161,276,13,248,144,163,79,290,95,182,5,69,281,32,189,120,297,155,86,125,4,2,70,128,133,120,83,31,146,196,203,52,300,184,272,199,207,26,198,268,52,99,294,73,107,116,231,69,108,280,123,255,119,196,135,54,117,26,280,186,26,295,51,77,241,155,116,86,251,139,236,298,116,27,76,245,35,236,298,30,193,18,275,39,81,270,274,277,227,89,257,100,143,112,62,121,165,272,241,200,16,272,209,16,196,187,184,242,233,264,221,49,9,48,229,200,74,81,142,131,94,165,145,45,147,195,242,8,167,124,34,109,33,187,117,126,147,105,50,51,97,231,128,37,238,142,298,71,45,145,91,167,178,151,149,244,300,60,161,117,248,194,204,11,164,205,116,89,277,299,245,96,219,222,83,110,72,80,158,148,131,22,70,160,140,254,93,33,196,282,113,154,87,182,163,151,15,181,194,179,27,157,134,11,238,5,70,180,38,39,149,298,149,75,193,280,43,203,276,13,208,283,132,286,1,8,138,232,171,121,260,285,173,197,5,194,168,204,206,214,96,146,170,293,105,138,26,22,199,248,99,48,240,73,153,117,197,81,274,59,72,183,101,23,89,173,269,125,11,42,289,2,59,149,278,38,108,205,131,246,221,75,17,153,176,293,217,47,247,8,63,271,239,96,93,130,225,96,7,113,261,161,225,211,214,1,232,269,262,148,26,252,76,156,276,273,164,250,66,4,56,225,280,122,258,139,112,280,21,106,22,149,116,219,105,29,109,200,93,209,195,41,267,187,249,189,34,163,60,118,149,240,219,60,130,144,9,166,94,246,48,20,68,114,257,292,133,144,73,29,213,147,295,54,140,205,147,56,211,95,143,115,63,295,153,122,257,6,150,231,259,157,158,169,278,7,225,6,290,88,177,261,83,250,102,33,266,149,231,160,116,183,55,210,91,89,269,222,272,208,196,3,64,215,24,17,299,293,154,151,214,97,18,226,77,271,271,220,278,35,28,165,201,260,59,3,45,238,287,164,28,25,3,46,191,10,161,65,141,156,173,141,134,12,75,214,292,41,156,171,
102,175,158,136,218,297,254,169,289,274,124,73,228,225,58,28,106,32,194,287,205,55,97,162,279,199,173,116,291,141,131,272,72,177,270,68,270,263,237,6,179,197,123,100,70,41,215,236,300,151,273,261,167,175,204,250,68,131,299,101,300,214,114,37,31,157,71,25,30,129,153,68,32,8,121,197,75,189,220,295,153,229,277,75,182,103,125,63,185,172,117,299,243,117,255,15,280,7,214,259,209,17,144,64,246,133,241,88,18,248,214,289,73,244,96,107,227,91,44,243,46,14,164,109,38,202,147,226,213,91,193,147,188,227,143,249,31,45,287,142,169,59,117,90,277,67,26,19,125,236,56,203,288,78,63,259,183,231,90,6,143,298,239,4,91,184,106,165,2,52,8,54,297,117,157,298,79,181,99,166,73,154,18,171,49,78,226,46,50,251,216,274,267,154,174,154,126,87,297,38,63,135,56,76,194,106,78,40,77,72,140,129,11,268,295,251,231,131,106,129,17,164,293,31,72,104,106,254,276,57,167,13,42,284,21,57,99,96,168,209,50,295,133,263,130,295,49,138,241,94,243,252,166,222,73,105,126,168,99,199,206,106,222,258,16,288,117,175,193,220,211,281,134,109,124,300,232,290,113,113,179,121,263,67,61,30,176,228,169,143,130,233,51,273,141,97,139,200,88,81,295,177,271,168,297,72,16,204,122,250,47,132,245,37,277,295,296,164,61,36,93,223,59,69,92,183,31,161,105,270,5,148,186,293,51,49,8,255,42,107,251,215,271,287,287,159,118,11,17,287,34,24,243,49,93,25,61,15,197,31,33,8,148,218,134,176,221,137,13,242,8,130,53,19,85,122,133,13,180,112,28,236,253,141,241,210,224,47,17,49,124,279,155,248,278,206,178,39,79,116,218,269,298,272,213,73,17,84,156,157,15,168,59,282,12,175,65,248,248,191,221,155,134,65,199,56,38,44,131,277,190,26,166,8,291,122,250,111,214,102,219,285,265,25,255,170,69,138,46,56,102,123,69,242,168,76,277,42,84,8,249,7,291,263,225,111,255,111,21,229,246,112,214,23,293,42,71,199,153,97,40,15,102,121,80,177,34,82,158,296,25,219,144,81,280,178,71,106,250,83,278,260,15,266,169,114,20,16,189,102,184,34,47,3,235,60,239,9,168,221,237,200,164,8,231,178,182,284,128,189,5,74,224,252,171,235,12,253,152,213,14,34,94,119,256,226,49,140,198,241,270,42,213,260,6,187,22,170,85,225,113,124,96,256,148,164,288,36,135,166,209,111,54,24,227,16,109,150,265,138,280,166,168,164,4,143,182,177,39,51,104,93,76,239,210,82,70,201,147,65,179,244,1,78,296,243,139,291,220,109,170,77,294,43,137,205,1,57,165,69,28,150,277,3,147,130,111,243,9,70,24,202,127,238,3,80,245,180,170,42,16,218,80,161,188,166,47,43,137,41,118,15,257,265,175,41,237,9,284,36,118,27,31,59,238,22,168,103,100,18,279,263,85,104,52,143,89,51,224,195,238,221,85,208,200,76,53,81,90,164,188,43,189,238,128,275,122,187,210,142,39,146,288,3,151,209,149,206,222,123,146,181,222,196,215,62,155,258,57,255,134,207,71,70,265,36,175,227,139,81,61,97,139,252,91,169,10,292,160,230,39,178,231,104,151,230,251,108,203,12,181,45,246,294,222,241,147,248,108,107,27,264,284,53,19,107,81,276,119,152,176,11,15,83,232,61,71,143,45,127,151,17,30,189,296,218,8,150,130,159,206,159,139,271,147,193,205,31,135,31,64,179,22,14,95,198,209,176,57,130,122,204,164,254,77,109,178,181,162,183,104,44,79,74,236,280,223,177,270,150,211,79,147,144,80,154,83,56,262,57,94,97,146,124,285,210,64,271,59,60,11,43,219,293,201,58,77,34,103,230,49,237,70,116,115,163,85,31,110,9,151,288,260,79,164,66,292,98,180,223,155,64,280,130,219,110,270,157,290,277,3,147,279,126,92,81,132,96,214,258,289,104,112,28,260,252,96,127,227,114,261,231,146,147,220,289,213,296,292,40,275,53,16,68,164,253,233,160,246,227,278,93,35,158,164,107,203,100,198,54,298,41,54,61,300,191,91,211,181,94,212,154,204,98,65,265,256,169,8,151,278,175,222,106,190,118,121,27,160,75,175,35,170,15,241,138,298,262,218,252,275,153,214,189,177,156,3,203,74,3,31,115,278,78,32,109,244,229,134,104,
247,98,103,86,39,225,237,198,258,37,56,201,22,165,66,247,43,144,109,241,242,218,229,180,148,119,135,212,125,118,142,272,32,299,25,296,257,75,25,245,70,81,241,112,163,97,280,289,285,116,88,143,150,179,193,81,215,138,72,57,246,98,110,225,199,79,45,175,263,68,211,222,125,116,178,103,233,293,28,226,291,65,7,9,280,177,292,152,43,291,50,259,135,252,63,272,149,34,83,98,250,140,241,290,199,48,27,98,46,250,213,252,269,99,294,60,29,241,35,43,136,39,70,139,300,201,163,133,108,4,101,22,166,76,28,197,289,56,122,95,99,144,197,193,283,98,26,299,36,115,208,7,175,284,251,4,276,132,35,136,278,138,168,25,42,140,224,179,109,103,298,188,59,214,142,222,133,159,258,35,146,241,184,67,210,87,205,130,248,6,135,65,78,186,266,282,127,47,273,292,229,295,192,92,192,293,98,199,112,80,118,278,239,178,215,173,67,140,17,33,11,159,210,63,284,109,226,113,292,230,203,267,167,239,186,188,235,96,107,84,46,10,187,134,238,188,129,11,225,47,186,150,246,102,218,79,128,203,197,70,134,68,142,265,137,42,19,119,123,76,14,272,29,1,21,238,292,135,98,106,204,188,13,247,205,15,10,73,119,213,158,34,57,98,238,246,10,250,44,49,289,116,131,29,228,134,194,279,89,193,62,62,220,24,97,247,187,111,42,252,135,133,205,260,297,235,35,226,247,34,72,286,277,237,255,144,127,115,61,71,172,263,24,2,105,185,226,91,237,130,69,38,194,117,187,185,121,240,156,116,22,274,32,210,27,158,155,252,214,190,191,300,214,115,102,100,92,264,141,193,143,191,68,1,179,83,211,271,290,33,71,293,16,118,75,6,130,12,2,300,126,245,234,82,278,161,46,10,59,274,133,208,277,203,236,174,206,93,50,232,279,200,182,249,42,61,221,261,294,163,127,95,265,190,246,87,138,228,217,129,152,173,259,132,18,269,3,144,243,57,171,228,149,272,42,176,39,49,119,80,197,34,150,262,65,27,93,133,196,261,48,16,158,7,154,254,254,126,258,205,218,213,155,289,56,259,148,178,7,229,1,94,121,37,214,53,205,290,42,199,192,147,225,153,153,246,150,56,167,33,117,59,140,111,157,181,91,93,10,66,58,293,277,87,47,5,81,80,217,145,242,286,179,63,33,238,261,224,204,117,83,43,32,71,28,237,189,79,115,3,193,137,96,129,193,291,90,134,173,154,53,286,167,61,125,12,28,236,230,47,215,290,26,279,91,113,193,186,152,291,72,45,37,131,242,33,193,114,215,75,183,197,114,296,249,120,186,39,94,23,17,5,116,161,46,246,73,273,265,133,249,38,245,38,154,124,194,57,3,213,58,136,284,295,86,222,54,43,217,195,147,58,249,216,202,125,5,231,48,50,191,96,216,279,95,43,103,295,278,169,98,299,186,135,102,140,83,50,225,42,283,125,170,127,86,266,21,78,83,107,51,261,128,38,78,254,294,183,282,177,57,6,3,9,252,157,138,226,156,179,187,266,271,257,189,144,164,33,270,188,182,265,81,90,26,183,95,171,237,279,110,51,275,242,96,197,91,272,16,239,245,285,102,202,259,1,246,38,287,195,141,40,124,106,71,293,167,154,125,243,89,14,118,98,96,246,101,21,209,100,155,236,214,300,166,131,112,28,143,197,299,295,220,149,81,202,118,298,85,81,10,37,86,165,183,161,33,298,53,249,16,236,85,173,19,135,294,55,157,172,38,76,61,73,49,92,183,28,240,256,246,279,202,270,43,71,26,258,288,102,252,19,204,33,145,50,109,92,34,32,32,194,276,296,139,204,28,163,299,209,54,252,269,96,60,8,37,253,289,106,159,55,147,165,267,126,146,215,206,38,243,50,258,257,109,289,131,22,236,68,220,224,72,198,295,188,12,33,88,186,45,253,221,15,13,94,106,28,198,283,88,93,84,119,78,249,206,271,72,22,45,7,92,105,58,42,298,199,219,84,11,115,122,3,278,27,234,178,152,75,179,267,74,165,109,89,237,299,288,186,38,216,96,262,64,273,224,271,143,81,296,282,23,19,208,272,18,136,15,158,95,110,274,227,172,298,299,31,223,159,274,261,149,24,16,87,184,208,225,110,207,170,212,33,220,231,239,127,114,124,188,297,136,57,75,266,294,236,293,25,132,240,255,297,186,246,213,29,3,281,191,39,261,90,274,111,261,251,102,89,
28,221,299,211,175,113,114,18,221,35,76,180,219,31,43,110,75,90,248,164,86,209,160,26,233,25,98,116,111,98,275,154,222,249,123,33,35,218,139,257,271,283,47,99,12,43,233,92,294,12,181,65,272,167,6,203,151,207,269,6,158,292,172,54,18,242,165,117,233,215,210,108,42,133,7,178,5,109,287,15,230,184,206,279,15,28,203,253,283,84,70,23,17,290,3,72,262,126,263,129,292,232,183,55,1,143,227,210,124,296,163,66,19,158,258,42,76,267,252,177,226,8,178,122,133,164,10,297,190,259,176,205,265,158,82,49,236,18,223,269,174,25,122,38,281,158,54,298,146,81,234,91,38,24,56,212,209,293,22,185,92,263,105,15,64,121,138,203,15,226,176,233,94,64,49,263,136,84,8,108,251,70,259,87,225,10,168,87,22,78,16,68,89,60,89,5,169,272,181,189,263,247,297,102,113,260,122,233,33,68,127,71,216,105,280,80,110,267,95,273,232,242,202,193,258,113,193,214,107,88,189,79,26,158,146,162,95,257,270,167,183,18,292,159,256,138,272,123,261,28,121,70,175,234,85,146,102,109,132,87,191,260,44,137,126,145,56,283,147,160,17,278,169,298,6,49,232,2,189,156,258,107,68,196,286,77,24,89,280,214,10,263,136,49,204,42,142,61,119,153,218,269,6,230,165,249,278,200,116,61,130,119,14,293,254,101,174,228,181,55,95,203,112,214,131,290,162,188,118,51,25,14,248,99,191,131,226,201,147,220,108,138,22,92,127,235,247,8,122,210,23,103,68,116,285,96,300,208,290,237,234,221,297,188,168,162,167,89,129,71,157,246,195,157,159,22,3,187,94,173,123,80,193,15,80,96,210,154,98,78,12,149,266,37,160,30,251,151,149,87,48,300,293,296,50,155,43,266,193,179,299,209,213,5,253,73,212,53,158,98,214,253,260,62,130,249,236,292,12,286,187,30,33,186,174,208,300,152,272,204,257,49,119,131,32,170,249,66,134,294,117,75,108,233,9,46,59,271,153,111,101,226,51,106,203,50,33,178,70,255,180,184,211,7,213,143,223,162,79,174,96,143,260,162,196,4,153,46,112,213,285,42,52,288,90,119,106,137,125,28,80,261,300,250,259,167,57,294,226,226,189,96,33,36,58,109,221,273,55,30,169,273,207,193,281,131,141,196,2,117,270,16,293,189,256,177,250,143,24,211,195,186,96,150,1,85,48,107,79,246,230,202,66,189,80,180,38,248,258,298,143,24,113,281,22,28,100,194,247,169,257,26,264,49,148,250,197,126,209,284,276,296,215,257,251,199,6,48,188,270,58,17,141,20,226,47,91,153,164,33,121,195,121,103,246,84,137,277,143,135,169,64,134,290,119,1,276,158,57,260,26,26,216,85,129,167,71,75,255,45,23,141,274,196,259,231,16,18,63,23,157,236,225,16,141,68,100,12,90,209,20,88,146,283,150,94,101,275,22,192,171,207,179,288,17,147,248,253,139,59,54,219,253,73,169,83,95,183,131,282,91,226,227,145,165,166,231,99,167,98,183,50,131,64,287,272,191,246,187,9,215,140,181,294,17,110,247,110,134,179,4,65,129,244,198,101,191,271,51,185,10,115,161,102,38,156,6,78,78,264,24,283,147,197,270,116,48,11,221,231,162,3,91,239,35,167,262,111,27,13,165,40,26,45,44,295,5,34,25,242,28,1,4,256,52,97,235,109,299,201,159,76,85,292,224,34,289,63,247,88,162,208,174,24,216,166,237,189,100,134,209,147,107,149,278,191,46,121,278,165,28,138,124,169,5,33,18,203,64,247,196,230,267,249,203,176,146,205,203,260,86,1,244,151,57,223,171,104,248,292,181,19,285,283,156,208,290,275,267,197,166,137,101,228,123,200,58,170,130,234,38,49,152,159,295,28,153,77,50,16,267,251,161,276,216,32,44,183,125,89,34,255,41,200,27,6,178,44,84,108,107,92,87,259,145,11,282,287,147,214,227,110,239,38,2,96,119,230,235,25,102,288,298,192,136,224,177,80,123,109,293,67,117,157,281,110,71,198,117,75,216,142,291,298,147,99,272,239,197,255,245,142,105,60,172,81,271,33,259,167,188,144,249,130,8,248,293,67,188,235,40,54,46,93,29,44,116,33,159,257,150,196,243,131,45,131,69,54,270,79,266,34,230,145,36,171,224,273,190,140,64,194,178,130,287,51,289,229,113,290,283,101,263,286,256,95,183,172,115,18,
101,114,121,182,124,211,102,20,261,160,261,219,244,145,129,44,166,268,8,276,276,62,131,236,242,71,133,18,47,109,187,79,168,254,261,29,88,15,110,234,188,89,13,212,196,57,159,164,287,40,254,177,71,234,185,102,45,69,21,101,132,94,261,279,28,215,129,81,91,248,74,117,160,144,202,61,60,125,270,201,190,204,174,181,102,162,192,194,287,282,33,6,219,292,285,151,48,42,190,85,264,79,260,108,285,277,109,140,151,262,52,173,239,158,156,67,94,29,107,138,76,200,196,159,207,135,250,275,31,165,235,294,160,83,118,296,127,240,257,12,14,63,166,206,231,203,101,143,179,227,111,176,212,25,294,176,113,126,294,118,252,89,192,195,171,249,58,253,178,273,54,170,288,22,8,205,216,151,196,29,297,2,53,13,139,283,216,115,145,166,268,110,96,122,114,252,276,245,249,227,162,220,225,133,82,83,127,213,160,106,13,154,251,119,171,121,97,245,125,30,135,110,3,53,260,24,40,177,212,146,35,266,28,93,254,237,44,255,8,220,102,221,213,201,198,136,38,31,171,90,230,204,250,295,261,183,221,104,190,43,19,168,104,253,130,160,71,178,38,29,106,72,54,258,143,270,265,45,238,61,112,40,6,6,267,68,52,254,33,88,5,245,12,24,28,214,218,54,215,189,143,186,16,242,260,90,28,10,70,189,151,121,28,62,85,195,57,174,297,213,178,29,145,291,28,230,115,287,23,221,119,128,280,102,74,186,133,14,187,52,50,21,196,204,215,215,64,203,57,28,164,71,135,196,129,289,139,273,277,280,45,218,285,10,128,36,83,200,211,224,136,196,276,200,67,1,157,165,134,6,43,83,249,53,184,283,21,136,300,297,145,71,269,193,181,276,60,177,261,47,36,86,236,94,90,155,63,158,258,267,8,73,26,246,20,243,5,288,21,167,168,51,233,242,269,47,157,124,164,152,238,252,191,82,62,7,93,174,135,245,251,89,149,58,19,218,117,200,191,73,46,290,287,231,127,38,19,6,280,273,147,69,255,83,88,38,71,30,268,272,29,235,271,7,169,224,222,214,260,241,216,260,268,62,116,212,57,227,21,108,179,191,270,266,49,196,95,112,142,215,28,269,115,196,185,273,1,44,118,59,57,235,174,215,233,46,160,7,33,197,45,99,152,99,13,24,186,66,252,246,60,51,273,214,246,55,223,67,124,196,253,73,283,139,8,200,148,190,190,223,240,159,186,152,75,135,159,105,147,83,108,14,288,136,258,255,138,222,297,217,59,287,56,223,8,44,58,181,206,50,188,145,242,79,189,200,3,278,33,5,184,29,269,262,118,24,224,103,119,171,245,59,149,221,118,29,278,173,176,92,9,47,300,156,163,211,236,65,144,277,199,276,209,284,133,32,3,3,135,18,225,215,108,1,178,234,97,256,106,153,283,108,85,236,230,157,219,232,288,281,270,230,248,60,89,150,131,258,94,139,291,109,144,297,275,299,275,179,169,96,292,189,237,72,265,37,215,291,18,57,26,203,3,216,265,44,14,45,143,231,179,270,35,212,116,247,117,165,27,47,192,68,148,213,184,198,241,83,139,51,72,203,105,202,216,7,130,286,290,195,198,271,103,208,239,94,176,267,182,143,19,151,20,49,142,184,31,205,245,285,118,125,76,107,69,260,247,51,190,250,147,174,126,201,122,227,141,228,110,210,146,289,170,73,65,194,154,108,54,77,298,115,71,208,200,263,62,192,159,217,74,165,11,82,49,7,86,29,195,145,104,276,153,135,105,123,60,124,212,267,9,26,128,49,87,144,38,239,100,257,141,188,82,255,220,257,21,236,130,101,185,258,136,101,119,222,90,253,185,258,20,18,244,167,174,32,213,202,175,197,168,25,240,193,197,67,168,141,172,68,215,215,105,50,40,172,89,168,228,277,220,5,170,88,80,138,200,55,158,178,28,247,221,15,32,186,100,93,164,291,289,247,95,208,237,110,49,122,82,270,168,265,68,56,217,3,91,50,139,198,230,255,223,62,114,75,94,33,191,94,32,3,40,37,129,83,113,261,163,167,13,56,97,228,42,48,214,213,7,71,210,242,149,29,65,262,41,64,130,34,53,238,80,69,66,58,162,40,119,140,234,51,192,299,76,74,170,252,202,191,207,289,249,185,66,190,210,163,225,260,218,99,251,116,263,48,129,270,17,151,216,82,190,209,47,225,123,76,267,197,155,185,283,216,177,54,289,155,90,212,
3,62,40,218,248,121,87,278,215,261,243,277,87,88,31,167,180,120,173,33,130,27,242,187,15,208,77,86,100,146,168,70,141,126,280,34,14,44,103,101,263,111,275,161,14,166,293,167,40,254,291,269,46,277,179,72,200,149,102,175,69,283,54,125,149,8,165,43,107,234,258,17,253,180,57,3,258,187,51,38,152,85,132,61,177,47,158,85,232,131,207,39,133,173,63,73,177,120,71,182,195,182,278,264,205,260,218,104,71,275,39,275,275,91,73,295,292,282,67,2,5,146,249,97,151,149,122,165,159,46,27,58,47,21,201,72,283,299,221,95,272,171,195,228,185,270,157,277,198,254,178,99,70,247,159,14,28,163,212,31,42,138,72,279,163,286,60,42,292,57,7,48,106,107,193,91,110,28,16,55,13,106,283,187,195,188,193,216,232,105,142,57,207,256,223,297,279,102,3,54,82,207,63,259,136,18,83,109,202,239,239,47,174,295,193,156,88,166,100,162,206,114,10,48,176,40,87,157,2,180,258,292,87,235,42,209,180,73,174,222,226,81,89,31,44,292,254,232,234,229,119,188,287,24,217,299,66,226,288,98,293,41,149,51,218,142,242,5,67,279,142,189,288,100,42,194,169,185,140,248,31,170,238,175,219,247,7,92,134,159,139,297,99,193,252,273,91,272,10,103,104,105,139,204,290,247,243,245,162,44,44,283,41,151,290,250,261,236,148,257,191,273,171,12,97,95,43,192,18,214,79,252,165,86,221,61,247,249,188,123,194,178,239,103,198,81,115,209,266,243,156,151,197,137,225,265,47,159,198,25,128,218,51,22,163,251,260,201,59,252,292,288,175,258,219,218,76,49,188,141,278,3,243,266,148,79,76,87,84,158,84,171,95,34,206,264,221,219,107,187,182,243,15,196,222,242,193,9,215,245,229,24,300,76,180,133,44,32,236,295,297,116,247,296,265,176,139,231,181,19,228,61,297,42,125,160,78,298,77,212,149,295,138,248,61,35,21,134,222,54,102,67,274,36,133,38,57,145,266,205,28,138,53,133,90,281,243,142,172,299,207,10,211,29,244,33,217,36,28,83,32,6,293,185,91,287,123,190,43,98,216,269,181,193,68,44,283,252,133,233,216,200,42,101,78,125,83,173,119,138,194,173,224,289,70,93,71,64,54,51,99,141,152,139,198,120,75,82,263,86,250,162,205,290,152,59,33,61,141,106,272,286,184,163,189,161,284,221,134,256,72,219,13,152,146,151,180,190,115,198,110,13,198,151,152,89,127,233,284,263,37,231,191,55,20,239,71,292,91,267,226,250,154,288,238,18,19,50,258,107,104,286,300,228,118,43,77,92,173,182,295,73,4,253,66,2,79,203,114,116,72,94,161,71,152,283,284,286,31,267,213,216,194,64,73,267,73,222,219,91,200,248,122,225,272,194,259,38,185,224,75,119,102,203,123,278,53,220,81,58,96,231,197,93,261,61,146,222,179,208,63,183,226,17,57,114,293,56,74,8,186,102,160,255,74,88,178,244,111,291,96,17,40,52,265,149,177,24,81,177,117,154,5,284,21,210,189,139,14,279,260,267,234,69,131,126,75,199,116,76,149,59,89,70,39,28,274,176,86,255,216,173,190,203,140,257,142,39,108,54,59,169,261,196,16,140,7,26,77,35,93,135,70,61,285,71,144,46,252,4,287,184,278,32,87,208,129,287,181,203,192,210,88,100,81,199,38,296,148,241,169,157,79,88,264,201,166,295,195,291,250,274,70,72,67,3,259,59,276,165,10,280,120,27,83,127,131,135,170,73,202,78,150,76,256,20,101,135,86,254,169,210,241,4,37,199,131,274,62,66,268,76,113,48,128,208,197,98,96,196,150,39,9,36,169,200,280,115,26,139,247,215,1,59,13,14,86,173,251,269,29,117,46,139,217,144,101,171,232,122,71,107,68,165,26,173,185,233,197,200,96,132,271,12,264,146,117,176,299,129,225,277,248,10,182,107,12,219,77,79,43,254,81,24,189,292,167,108,59,52,61,267,5,295,165,244,113,227,142,148,129,64,299,132,97,103,239,167,92,171,74,36,11,38,226,202,225,97,54,253,226,152,300,254,174,48,77,27,28,99,200,221,172,238,168,259,274,55,78,204,223,230,55,194,79,291,186,185,273,81,242,300,38,229,167,286,55,111,60,149,130,158,158,93,268,23,208,118,263,42,155,245,223,253,168,1,139,108,268,27,110,235,43,180,148,152,58,257,115,239,
20,150,194,246,53,112,81,222,75,278,287,269,69,55,25,192,233,281,256,81,261,201,227,73,285,139,219,51,217,7,280,185,27,222,149,25,253,11,35,173,149,181,170,203,141,126,34,219,54,254,94,6,140,165,243,69,169,16,151,136,175,123,153,181,96,125,290,66,285,185,110,190,91,169,213,168,150,129,196,261,15,116,295,208,110,227,50,133,1,43,165,15,161,66,53,55,43,235,161,293,78,123,221,222,31,196,43,81,49,84,124,155,217,239,201,194,59,126,175,241,39,56,173,18,254,195,226,51,20,52,195,171,111,93,130,260,91,264,124,16,186,48,234,265,287,115,20,252,250,239,144,151,94,231,121,111,260,287,10,108,47,277,295,2,186,266,59,166,26,179,289,23,57,257,21,295,28,13,247,90,232,274,115,261,162,16,291,261,64,49,298,287,253,72,70,185,192,91,62,274,96,259,234,150,13,170,83,197,158,299,38,25,273,93,285,72,7,243,23,237,77,210,190,32,240,78,223,5,104,27,145,5,18,22,222,183,51,227,243,2,173,258,162,232,124,291,87,280,222,148,32,226,153,126,38,207,222,115,102,56,124,10,229,115,86,158,281,92,2,146,288,251,295,222,166,184,94,282,219,169,89,52,198,136,285,108,98,7,234,184,176,85,149,86,134,271,242,174,79,280,119,236,167,168,10,220,243,75,267,298,178,154,226,209,186,139,144,208,106,297,8,263,248,68,43,164,284,234,40,61,253,260,90,271,93,296,188,10,179,143,34,160,272,264,276,80,47,128,232,83,278,125,280,5,295,217,69,63,199,173,218,205,123,167,115,147,288,249,279,201,165,275,292,288,216,159,119,293,190,257,130,217,118,199,255,19,156,113,144,204,299,13,231,189,199,1,9,72,17,285,2,254,99,160,37,41,28,251,267,1,90,289,117,65,253,63,103,55,203,163,91,46,47,33,167,73,40,118,213,128,248,225,69,211,185,173,112,111,155,176,88,74,279,273,279,167,149,224,222,186,137,192,115,190,9,12,291,192,223,231,290,82,237,53,228,274,187,218,290,183,136,89,186,181,54,91,185,228,20,123,187,33,86,106,84,155,151,277,157,244,106,74,209,44,264,4,112,41,70,39,31,45,117,175,54,19,74,294,14,4,179,112,78,274,264,147,125,83,187,37,71,192,173,34,234,194,77,104,251,202,150,92,154,220,284,238,87,254,240,118,283,122,55,83,143,231,45,163,231,250,43,236,52,200,170,212,48,9,147,123,279,95,282,290,104,105,6,142,113,151,231,24,292,63,222,88,170,206,109,200,234,85,104,189,140,288,204,34,28,180,124,34,227,162,154,8,65,71,296,190,184,87,3,70,68,154,201,214,228,5,251,204,174,220,70,257,231,28,192,47,298,12,250,8,291,29,74,63,272,279,176,163,240,144,289,179,60,36,136,170,143,83,271,62,58,106,73,149,273,104,4,175,41,53,243,91,135,222,59,134,234,144,227,225,133,172,40,160,200,96,286,200,225,243,14,194,250,7,65,299,267,300,44,238,50,242,261,17,88,264,161,45,142,175,268,96,64,53,97,227,159,119,89,167,93,227,103,77,300,28,50,187,63,224,175,49,169,8,157,271,116,206,111,108,81,223,189,212,240,137,135,151,270,200,36,129,239,110,14,126,114,89,76,239,67,244,133,227,221,230,167,173,125,146,285,79,199,225,157,224,192,287,143,136,245,36,238,64,148,276,40,277,49,1,199,241,194,268,283,21,151,228,155,110,10,71,143,151,112,237,272,297,214,94,275,162,59,75,81,197,106,52,265,87,160,257,254,214,124,289,272,45,35,256,285,164,215,189,51,23,15,50,109,147,62,260,194,194,281,180,227,280,207,288,11,250,24,284,207,42,121,153,212,21,100,239,129,149,116,191,50,88,9,140,185,82,106,280,77,187,63,223,121,168,113,15,241,124,5,139,172,104,134,69,176,137,83,172,299,122,37,3,182,276,181,4,49,22,287,1,262,130,132,41,180,95,194,273,156,253,154,5,78,270,125,89,51,43,184,280,166,203,299,12,10,121,100,290,263,126,82,241,25,285,5,250,74,155,185,66,282,35,196,195,33,238,176,198,270,97,198,174,260,195,164,22,31,207,242,257,108,263,90,223,269,46,225,285,24,277,170,170,91,116,102,236,238,253,118,14,260,74,26,156,263,195,242,61,192,180,127,14,172,161,231,79,118,161,194,66,165,252,74,285,297,159,162,117,207,103,
99,134,146,222,131,298,105,187,204,249,149,110,202,8,207,119,17,149,21,280,122,63,227,222,3,139,259,289,62,278,84,247,163,127,183,102,79,265,284,15,258,70,39,268,176,299,101,7,128,121,141,81,117,85,293,141,271,276,138,28,46,53,67,179,78,287,247,61,148,232,125,219,184,4,26,266,144,105,170,199,53,18,19,59,4,99,23,274,125,288,28,98,112,257,23,17,217,183,47,83,90,80,160,118,23,267,260,285,175,195,145,20,106,250,129,42,15,242,200,5,225,119,33,55,241,20,108,225,35,164,154,241,286,125,61,85,229,59,35,168,197,224,300,18,53,84,150,79,274,181,182,85,63,277,107,193,80,82,297,129,263,108,292,213,144,214,68,152,172,24,191,255,209,233,157,188,97,232,268,149,200,157,55,100,27,266,225,250,87,21,200,287,199,89,298,153,180,219,153,199,19,55,255,151,184,265,6,299,234,146,267,140,58,229,216,252,118,58,124,213,83,182,91,269,190,22,56,29,113,2,151,298,198,122,51,126,30,182,169,92,280,179,135,108,11,3,61,246,6,61,94,175,32,67,131,201,225,234,72,155,84,300,200,68,89,54,32,291,26,56,155,48,295,265,113,98,240,155,14,209,289,228,59,102,13,216,296,251,194,271,12,105,24,111,26,54,220,71,37,215,149,164,208,78,196,5,165,193,209,18,207,131,138,265,165,100,63,176,198,289,71,59,204,118,22,91,47,156,20,186,171,227,103,285,180,277,9,79,25,234,38,11,136,138,5,281,151,277,241,44,25,221,178,280,295,71,278,95,233,18,24,153,249,32,183,180,207,200,168,259,32,155,242,67,145,23,62,249,150,275,232,27,209,280,281,273,205,111,148,284,213,199,251,285,135,26,174,113,153,156,188,245,279,214,6,66,13,234,238,135,120,192,292,178,62,226,295,114,211,142,143,221,260,140,235,219,270,55,108,295,34,169,97,214,172,206,133,179,78,194,15,44,89,59,21,64,4,283,153,86,76,76,7,103,248,41,56,197,109,17,140,130,165,10,96,224,23,44,292,83,67,245,107,109,232,84,126,150,150,2,105,99,225,54,206,206,118,118,92,300,4,283,31,240,124,204,55,56,206,266,15,109,51,113,185,116,57,24,236,195,238,281,89,160,161,90,230,20,93,110,24,297,72,245,169,18,77,44,276,243,192,258,13,277,183,107,61,131,245,234,122,104,14,174,295,157,64,227,32,216,199,147,253,138,85,176,33,130,58,227,153,71,134,116,235,80,71,91,255,24,295,2,141,117,171,73,37,34,143,154,63,136,211,239,218,273,82,239,80,104,129,272,60,214,218,90,141,110,16,164,115,237,55,261,141,45,30,48,22,211,69,273,44,224,276,223,79,17,195,286,154,183,87,34,208,150,216,18,74,214,176,299,34,41,230,266,105,276,181,17,170,284,19,35,239,69,276,170,220,21,224,65,14,4,4,160,158,20,130,43,147,173,231,273,106,199,76,169,294,143,165,62,201,189,76,128,11,143,69,70,229,167,294,281,5,14,252,47,96,37,215,202,76,283,11,195,241,121,231,258,276,234,270,216,56,246,65,188,89,21,168,97,122,298,177,137,226,266,127,31,36,112,124,181,169,10,131,300,206,57,145,78,222,8,19,286,126,195,40,144,49,107,38,128,208,125,8,37,147,228,193,183,232,136,95,250,184,225,251,214,41,1,166,136,169,298,58,3,246,36,196,7,26,279,193,91,105,190,287,250,133,26,198,85,46,203,296,272,172,130,274,7,243,120,285,272,289,275,54,102,278,109,194,38,129,218,118,250,291,164,243,94,63,143,177,271,201,263,30,64,151,277,186,161,14,250,14,78,273,7,274,200,241,250,152,139,242,14,61,72,33,295,95,244,239,277,156,30,121,162,181,65,250,287,181,164,196,119,238,23,82,108,200,129,68,171,254,160,164,163,181,54,251,118,147,29,210,108,137,93,23,83,134,79,105,256,256,34,215,178,12,166,248,195,102,276,189,117,79,1,12,112,164,160,122,167,100,183,195,145,157,74,129,222,20,298,159,291,275,213,97,77,141,7,242,299,53,131,86,250,39,128,238,34,213,110,300,253,41,77,284,200,77,287,93,146,299,291,273,16,291,94,65,127,240,51,65,249,62,288,81,59,191,115,17,185,291,63,255,228,107,187,162,104,99,81,194,145,120,105,139,248,10,209,195,60,45,157,185,148,127,212,4,209,162,61,162,271,32,168,
146,56,113,125,76,114,288,200,84,134,146,12,84,219,148,210,248,100,237,13,133,194,185,99,130,286,84,258,176,179,134,22,228,225,111,32,244,5,120,192,275,269,238,49,173,48,191,156,130,3,267,99,42,99,208,200,203,55,18,131,81,203,246,54,256,231,122,131,123,233,123,20,155,82,35,162,258,200,134,200,259,21,164,12,4,124,7,156,232,21,212,71,138,75,268,255,195,218,282,111,264,116,160,153,12,129,134,93,190,238,177,122,122,134,227,31,178,233,84,27,207,174,256,242,214,212,105,135,294,170,269,18,140,55,93,63,279,50,242,6,86,215,15,158,183,150,96,113,277,221,78,237,22,116,280,233,291,54,34,284,274,223,105,58,239,297,289,210,35,145,263,79,149,118,21,152,230,237,276,144,149,128,180,74,228,149,292,290,74,116,122,144,106,17,122,74,188,227,115,170,283,66,150,270,300,140,68,171,227,108,266,62,37,111,128,241,265,215,203,239,183,286,100,155,25,172,255,87,16,248,224,62,229,165,58,6,107,8,2,60,207,41,63,58,234,142,264,28,25,32,1,124,185,293,256,255,177,169,12,140,247,250,77,67,241,22,96,244,22,91,64,259,212,117,66,192,171,196,197,13,136,238,263,55,297,161,165,138,142,126,110,233,80,257,144,85,213,269,151,243,284,12,46,112,80,168,183,277,285,234,51,56,182,231,8,30,286,189,253,293,102,4,192,154,136,182,18,195,47,42,135,183,114,44,244,78,234,62,275,276,292,143,130,115,236,265,193,228,9,258,242,180,86,107,47,76,219,32,39,155,45,193,125,276,11,103,18,91,246,240,173,257,276,219,230,144,89,203,201,262,162,75,218,243,259,80,294,134,77,84,275,95,129,162,16,31,88,280,128,233,184,244,142,197,28,296,287,276,89,201,168,199,88,197,295,65,68,245,233,252,48,226,34,52,14,218,68,102,65,219,29,20,65,299,129,131,221,131,5,135,132,274,155,15,277,223,110,111,9,164,173,98,287,141,220,58,148,211,222,204,5,185,107,2,83,270,34,27,266,231,56,185,90,184,9,246,110,34,91,1,198,183,289,249,152,178,220,156,119,298,146,54,186,126,104,185,124,147,34,241,160,138,95,93,115,6,267,65,234,145,2,279,295,63,289,264,68,264,40,84,88,16,167,278,293,221,198,31,271,236,185,286,71,144,32,209,280,120,248,234,51,201,259,261,293,245,18,147,135,279,262,72,201,87,277,251,149,183,211,238,20,135,97,253,51,282,289,27,27,34,148,72,177,42,210,234,162,239,120,247,224,260,59,261,124,72,112,145,120,91,88,230,75,278,124,238,151,235,119,175,14,276,108,16,122,55,174,131,212,267,186,143,288,39,192,203,280,300,29,69,150,126,245,149,300,35,6,62,115,176,179,111,172,17,39,152,28,256,149,192,290,4,120,83,63,111,283,1,1,157,40,298,245,191,126,37,20,100,266,115,157,173,35,205,213,127,290,59,88,298,145,133,72,141,174,155,120,61,45,4,63,293,236,64,203,223,147,31,5,196,40,71,275,169,44,2,26,245,136,197,169,109,116,217,78,108,261,156,112,248,242,136,211,234,193,135,161,153,148,195,17,190,237,202,270,48,218,122,1,35,185,30,72,64,208,205,225,127,141,181,238,49,234,181,271,218,100,300,198,166,113,117,287,192,296,286,217,156,97,85,136,266,262,123,93,31,58,153,159,116,21,190,80,168,217,139,57,39,172,82,179,273,174,240,107,13,206,285,69,162,72,266,146,120,134,243,207,7,202,289,134,10,245,76,12,52,250,161,12,67,85,269,28,63,118,61,194,108,237,59,294,128,157,243,295,222,182,123,123,264,32,29,9,125,234,110,194,281,215,236,200,61,204,29,132,271,127,108,274,271,240,250,255,66,59,14,7,104,109,73,209,153,232,84,84,92,227,84,279,244,22,220,225,60,112,135,124,54,71,41,297,213,185,56,177,207,261,200,86,42,296,175,80,115,298,59,179,97,116,198,199,52,105,257,47,150,114,262,147,244,147,287,5,210,140,16,40,260,44,132,4,168,150,65,153,229,226,170,34,179,222,41,278,198,242,86,243,114,261,219,151,164,59,180,296,66,233,190,127,268,213,164,118,115,27,33,227,92,151,29,46,274,288,192,115,130,178,121,187,224,14,284,218,14,187,54,85,1,93,7,191,68,74,70,150,121,124,133,280,179,11,131,45,42,203,183,238,239,285,80,
157,39,187,183,268,116,119,230,44,211,288,250,124,151,120,79,34,195,92,56,74,231,244,122,153,175,178,203,101,202,104,60,36,209,7,220,198,43,251,159,282,188,228,55,145,110,55,278,85,270,195,202,289,272,55,152,117,285,173,226,278,90,228,100,48,205,15,237,300,93,215,115,261,272,292,62,255,53,123,261,300,156,162,172,226,253,93,270,189,280,217,195,102,247,120,242,250,207,42,12,10,158,63,176,115,275,285,160,285,147,196,290,185,170,188,217,221,142,24,111,281,172,138,91,224,55,287,240,284,7,217,144,131,29,182,87,175,13,137,200,181,124,205,266,165,281,214,289,130,268,25,13,162,113,114,288,289,83,13,151,156,25,246,101,256,247,82,172,165,262,296,198,277,29,20,253,169,235,99,13,280,71,176,118,122,75,159,265,141,38,205,38,168,245,136,300,145,251,81,102,29,102,176,259,245,274,87,199,232,170,52,267,96,58,157,175,195,98,129,190,11,281,221,95,82,207,16,148,201,106,45,71,15,205,288,74,110,122,272,239,242,188,184,209,37,109,164,119,140,130,75,3,165,299,279,184,21,23,41,21,129,139,264,297,296,111,197,155,60,201,229,118,251,123,203,127,105,253,220,96,29,212,121,93,80,286,8,110,269,193,108,235,260,255,167,57,194,116,33,46,179,80,7,260,71,209,278,43,25,74,151,260,194,58,108,63,159,298,205,237,3,5,20,139,267,150,154,187,199,45,216,212,94,275,283,105,299,64,252,183,28,95,163,32,139,17,207,177,96,212,188,145,269,279,61,268,258,19,241,18,282,168,129,4,34,233,291,289,1,11,34,142,228,101,34,28,249,185,15,124,131,31,94,101,205,39,16,279,104,46,136,23,207,118,228,194,234,231,128,299,59,253,159,77,290,31,102,220,19,103,219,131,38,132,159,39,134,46,64,98,191,108,271,258,34,52,25,71,84,104,237,108,208,208,151,91,89,162,280,67,36,153,279,210,159,147,34,25,16,138,142,11,208,45,117,107,80,260,226,118,1,237,104,96,276,35,227,244,270,105,248,190,70,273,92,122,242,67,261,275,239,296,53,49,262,188,56,178,211,115,124,107,44,257,144,203,39,126,286,12,233,53,86,169,28,61,273,25,181,53,291,107,83,220,289,65,123,225,186,86,193,66,269,46,27,109,8,256,257,173,45,260,94,137,86,112,107,166,206,297,249,72,295,195,249,59,3,21,12,69,85,60,29,91,280,232,291,293,118,88,295,179,15,70,144,78,36,207,273,197,84,54,245,164,231,60,199,175,174,107,144,52,199,232,103,28,78,296,3,199,216,227,52,26,24,241,199,115,16,33,24,132,243,290,259,211,249,18,67,150,147,283,184,113,249,126,211,263,182,58,96,82,164,277,292,273,269,130,9,209,30,87,43,53,2,263,232,126,202,249,188,26,117,171,204,153,63,161,293,258,192,194,38,148,244,274,279,52,269,67,20,224,117,53,77,14,297,236,64,35,183,184,22,48,252,57,87,199,117,291,162,175,29,289,252,69,149,225,265,299,265,227,284,203,267,171,1,289,64,246,222,150,194,125,221,25,257,72,218,228,155,298,172,300,125,210,215,234,47,31,126,66,244,202,63,54,170,280,224,57,264,143,159,15,284,202,194,243,251,189,225,135,121,295,201,108,82,70,35,243,66,132,58,105,222,300,259,135,159,57,267,21,169,237,199,52,176,187,83,280,127,150,47,289,123,261,296,170,295,195,184,59,114,4,266,172,256,90,112,195,278,82,283,259,130,4,121,288,288,54,122,27,100,249,185,277,49,146,9,272,265,167,253,11,214,58,113,275,113,99,180,132,184,263,206,150,3,274,138,65,143,153,146,279,170,265,123,48,274,156,84,253,214,281,50,174,280,100,271,234,10,104,1,286,75,72,94,154,73,29,181,183,157,282,19,106,86,35,196,250,263,112,230,65,97,94,33,141,99,100,68,226,210,131,215,96,263,140,134,90,19,56,279,99,77,86,77,154,4,22,125,46,269,282,13,207,195,97,228,183,206,155,48,41,57,218,176,223,222,176,106,96,189,184,184,32,204,120,288,145,110,190,194,40,22,141,203,125,159,266,295,73,79,280,123,100,8,141,294,154,259,236,267,67,200,67,256,187,259,87,281,214,254,27,138,237,19,54,171,190,10,45,12,146,208,81,238,203,135,182,93,86,38,208,115,267,215,255,86,276,220,238,70,185,116,42,198,97,56,186,
